Welcome to the Emacs shell

~/MSc/unitary_connectivities $ python3.9 main.py
Unitary functions with |E| = 3.
Finding all cuts. Found 6
Of the cuts found, 1 are elision, unitary, connected
Finding all extensions. Found 1
Finding non-isomorphic extensions. Found 1
0:	[] [0, 1, 2] 
1:	[2] [0, 2] [0] [1, 2] [1] [0, 1] 

Unitary functions with |E| = 4.
Finding all cuts. Found 20
Of the cuts found, 8 are elision, unitary, connected
Finding all extensions. Found 8
Finding non-isomorphic extensions. Found 4
0:	[] [0, 1, 2, 3] 
1:	[3] [0] [1] [2, 3] [2] [0, 1, 3] [0, 1] [0, 2, 3] [1, 2, 3] [0, 1, 2] 
2:	[0, 3] [1, 3] [0, 2] [1, 2] 

0:	[] [0, 1, 2, 3] 
1:	[3] [0, 3] [0] [1] [2, 3] [2] [0, 1, 3] [0, 1] [0, 2, 3] [1, 2, 3] [1, 2] [0, 1, 2] 
2:	[1, 3] [0, 2] 

0:	[] [0, 1, 2, 3] 
1:	[3] [0, 3] [0] [1, 3] [1] [2, 3] [2] [0, 1, 3] [0, 1] [0, 2, 3] [0, 2] [1, 2, 3] [1, 2] [0, 1, 2] 

0:	[] [0, 1, 2, 3] 
1:	[3] [0] [1] [2] [0, 1, 3] [0, 2, 3] [1, 2, 3] [0, 1, 2] 
2:	[0, 3] [1, 3] [2, 3] [0, 1] [0, 2] [1, 2] 

Unitary functions with |E| = 5.
Finding all cuts. Found 171
Of the cuts found, 51 are elision, unitary, connected
Finding all extensions. Found 51
Finding non-isomorphic extensions. Found 7
0:	[] [0, 1, 2, 3, 4] 
1:	[4] [0] [1] [2] [3, 4] [3] [0, 1, 4] [0, 1] [2, 3, 4] [2, 3] [0, 1, 2, 4] [0, 1, 2] [0, 1, 3, 4] [0, 2, 3, 4] [1, 2, 3, 4] [0, 1, 2, 3] 
2:	[0, 4] [1, 4] [2, 4] [0, 2, 4] [0, 2] [0, 3, 4] [0, 3] [1, 2, 4] [1, 2] [1, 3, 4] [1, 3] [0, 1, 3] [0, 2, 3] [1, 2, 3] 

0:	[] [0, 1, 2, 3, 4] 
1:	[4] [0] [1] [2] [3] [0, 1, 4] [0, 1] [2, 3, 4] [2, 3] [0, 1, 2, 4] [0, 1, 3, 4] [0, 2, 3, 4] [1, 2, 3, 4] [0, 1, 2, 3] 
2:	[0, 4] [1, 4] [2, 4] [3, 4] [0, 2, 4] [0, 2] [0, 3, 4] [0, 3] [1, 2, 4] [1, 2] [1, 3, 4] [1, 3] [0, 1, 2] [0, 1, 3] [0, 2, 3] [1, 2, 3] 

0:	[] [0, 1, 2, 3, 4] 
1:	[4] [0] [1] [2] [3] [0, 1] [2, 3, 4] [0, 1, 2, 4] [0, 1, 3, 4] [0, 2, 3, 4] [1, 2, 3, 4] [0, 1, 2, 3] 
2:	[0, 4] [1, 4] [2, 4] [3, 4] [0, 1, 4] [0, 2, 4] [0, 2] [0, 3, 4] [0, 3] [1, 2, 4] [1, 2] [1, 3, 4] [1, 3] [2, 3] [0, 1, 2] [0, 1, 3] [0, 2, 3] [1, 2, 3] 

0:	[] [0, 1, 2, 3, 4] 
1:	[4] [0] [1] [2, 4] [2] [3, 4] [3] [0, 1, 4] [0, 1] [2, 3, 4] [2, 3] [0, 1, 2, 4] [0, 1, 2] [0, 1, 3, 4] [0, 1, 3] [0, 2, 3, 4] [1, 2, 3, 4] [0, 1, 2, 3] 
2:	[0, 4] [1, 4] [0, 2, 4] [0, 2] [0, 3, 4] [0, 3] [1, 2, 4] [1, 2] [1, 3, 4] [1, 3] [0, 2, 3] [1, 2, 3] 

0:	[] [0, 1, 2, 3, 4] 
1:	[4] [0] [1] [2] [3] [0, 1, 2, 4] [0, 1, 3, 4] [0, 2, 3, 4] [1, 2, 3, 4] [0, 1, 2, 3] 
2:	[0, 4] [1, 4] [2, 4] [3, 4] [0, 1, 4] [0, 1] [0, 2, 4] [0, 2] [0, 3, 4] [0, 3] [1, 2, 4] [1, 2] [1, 3, 4] [1, 3] [2, 3, 4] [2, 3] [0, 1, 2] [0, 1, 3] [0, 2, 3] [1, 2, 3] 

0:	[] [0, 1, 2, 3, 4] 
1:	[4] [0] [1] [2, 4] [2] [3, 4] [3] [0, 1] [0, 3, 4] [0, 3] [1, 2, 4] [1, 2] [2, 3, 4] [0, 1, 2, 4] [0, 1, 2] [0, 1, 3, 4] [0, 1, 3] [0, 2, 3, 4] [1, 2, 3, 4] [0, 1, 2, 3] 
2:	[0, 4] [1, 4] [0, 1, 4] [0, 2, 4] [0, 2] [1, 3, 4] [1, 3] [2, 3] [0, 2, 3] [1, 2, 3] 

0:	[] [0, 1, 2, 3, 4] 
1:	[4] [0, 4] [0] [1, 4] [1] [2, 4] [2] [3, 4] [3] [0, 1, 4] [0, 1] [0, 2, 4] [0, 2] [0, 3, 4] [0, 3] [1, 2, 4] [1, 2] [1, 3, 4] [1, 3] [2, 3, 4] [2, 3] [0, 1, 2, 4] [0, 1, 2] [0, 1, 3, 4] [0, 1, 3] [0, 2, 3, 4] [0, 2, 3] [1, 2, 3, 4] [1, 2, 3] [0, 1, 2, 3] 

Unitary functions with |E| = 6.
killed
~/MSc/unitary_connectivities $ 